1 15 
0 2 16 
1 3 17 
2 4 18 
3 5 19 
4 6 20 
5 7 21 
6 8 22 
7 9 23 
8 10 24 
9 11 25 
10 12 26 
11 13 27 
12 14 28 
13 29 
0 30 
1 31 
2 32 
3 33 
4 34 
5 35 
6 36 
7 37 
8 38 
9 39 
10 40 
11 41 
12 42 
13 43 
14 44 
15 45 
16 46 
17 47 
18 48 
19 49 
20 50 
21 51 
22 52 
23 53 
24 54 
25 55 
26 56 
27 57 
28 58 
29 59 
30 60 
31 61 
32 62 
33 63 
34 64 
35 65 
36 66 
37 67 
38 68 
39 69 
40 70 
41 71 
42 72 
43 73 
44 74 
45 75 
46 76 
47 77 
48 78 
49 79 
50 80 
51 81 
52 82 
53 83 
54 84 
55 85 
56 86 
57 87 
58 88 
59 89 
60 
61 
62 
63 
64 
65 
66 
67 
68 
69 
70 
71 
72 
73 
74 
